f=24.10486866016549
dv=0.012941176470588235
