dt=0.009242152058800985
dv=0.012941176470588235
